cruise/data/ship_ctd/Driftboyeposisjon_280923_tokt2.cnv
* Sea-Bird SBE 9 Data File:
* FileName = C:\CTD Brukere\UiO Kurs\Geo2320 2023\Driftboyeposisjon_280923_tokt2.hex
* Software Version Seasave V 7.26.7.121
* Temperature SN = 5352
* Conductivity SN = 3840
* Number of Bytes Per Scan = 31
* Number of Voltage Words = 5
* Number of Scans Averaged by the Deck Unit = 1
* NMEA baud rate = 4800
** Ship: R/V Trygve Braarud
** Cruise:
** Station:
** Operator:
# nquan = 15
# nvalues = 3497                                  
# units = specified
# name 0 = depSM: Depth [salt water, m], lat = 59.90
# name 1 = t090C: Temperature [ITS-90, deg C]
# name 2 = sal00: Salinity, Practical [PSU]
# name 3 = sigma-t00: Density [sigma-t, kg/m^3 ]
# name 4 = flSP: Fluorescence, Seapoint
# name 5 = seaTurbMtr: Turbidity, Seapoint [FTU]
# name 6 = svCM: Sound Velocity [Chen-Millero, m/s]
# name 7 = sbeox0PS: Oxygen, SBE 43 [% saturation]
# name 8 = sbeox0Mg/L: Oxygen, SBE 43 [mg/l]
# name 9 = timeJ: Julian Days
# name 10 = oxsatML/L: Oxygen Saturation, Weiss [ml/l]
# name 11 = prDM: Pressure, Digiquartz [db]
# name 12 = wetStar: Fluorescence, WET Labs WETstar [mg/m^3]
# name 13 = c0mS/cm: Conductivity [mS/cm]
# name 14 = flag:  0.000e+00
# span 0 =      0.570,     73.917                 
# span 1 =     8.3432,    15.7707                 
# span 2 =    17.2687,    33.1011                 
# span 3 =    12.2331,    25.7320                 
# span 4 = 8.5470e-02, 1.5824e+01                 
# span 5 =      1.707,     19.011                 
# span 6 =    1482.43,    1495.69                 
# span 7 =     23.938,     86.865                 
# span 8 =     2.2494,     7.7755                 
# span 9 = 271.485926, 271.487612                 
# span 10 =    6.04349,    6.63667                
# span 11 =      0.576,     74.634                
# span 12 =     1.2568,     4.4009                
# span 13 =  22.964851,  34.848643                
# span 14 = 0.0000e+00, 0.0000e+00                
# interval = seconds: 0.0416667
# start_time = Sep 28 2023 11:39:44 [System UTC, first data scan.]
# bad_flag = -9.990e-29
*END*
[from data line 2699]
     56.285     8.3962    33.0236    25.6633 8.5470e-02      1.810    1482.45     30.134     2.8535 271.487228    6.63197     56.828     1.2873  34.742986  0.000e+00
     56.296     8.3960    33.0239    25.6635 8.5470e-02      1.810    1482.45     30.135     2.8536 271.487228    6.63198     56.839     1.3178  34.743109  0.000e+00
     56.306     8.3962    33.0234    25.6632 8.5470e-02      1.810    1482.45     30.134     2.8535 271.487228    6.63198     56.849     1.3178  34.742802  0.000e+00
     56.345     8.3962    33.0231    25.6629 8.5470e-02      1.817    1482.45     30.132     2.8533 271.487229    6.63199     56.888     1.2873  34.742556  0.000e+00
     56.366     8.3960    33.0233    25.6631 8.5470e-02      1.832    1482.45     30.128     2.8529 271.487229    6.63201     56.910     1.2873  34.742618  0.000e+00
     56.369     8.3965    33.0233    25.6630 8.5470e-02      1.839    1482.46     30.122     2.8523 271.487230    6.63193     56.913     1.2873  34.743047  0.000e+00
     56.418     8.3962    33.0236    25.6633 8.5470e-02      1.824    1482.46     30.114     2.8516 271.487230    6.63198     56.962     1.3178  34.742986  0.000e+00
     56.426     8.3962    33.0237    25.6634 8.5470e-02      1.802    1482.46     30.105     2.8507 271.487231    6.63197     56.970     1.3178  34.743109  0.000e+00
     56.454     8.3962    33.0235    25.6633 8.5470e-02      1.802    1482.46     30.104     2.8506 271.487231    6.63198     56.998     1.3178  34.742986  0.000e+00
     56.465     8.3960    33.0238    25.6635 8.5470e-02      1.810    1482.46     30.179     2.8577 271.487232    6.63199     57.010     1.3178  34.743109  0.000e+00
     56.498     8.3960    33.0235    25.6632 8.5470e-02      1.824    1482.46     30.186     2.8584 271.487232    6.63200     57.043     1.3178  34.742802  0.000e+00
     56.525     8.3959    33.0239    25.6635 8.5470e-02      1.824    1482.46     30.115     2.8517 271.487233    6.63201     57.071     1.2873  34.743048  0.000e+00
     56.535     8.3957    33.0243    25.6639 8.5470e-02      1.817    1482.46     30.184     2.8583 271.487233    6.63201     57.080     1.2873  34.743294  0.000e+00
     56.561     8.3960    33.0238    25.6635 8.5470e-02      1.817    1482.46     30.187     2.8585 271.487234    6.63199     57.107     1.2873  34.743171  0.000e+00
     56.585     8.3959    33.0236    25.6633 8.5470e-02      1.810    1482.46     30.187     2.8585 271.487234    6.63202     57.131     1.2873  34.742803  0.000e+00
     56.606     8.3960    33.0237    25.6634 9.7680e-02      1.795    1482.46     30.186     2.8584 271.487235    6.63199     57.153     1.2873  34.743048  0.000e+00
     56.621     8.3960    33.0239    25.6636 9.7680e-02      1.788    1482.46     30.183     2.8581 271.487235    6.63198     57.167     1.2873  34.743294  0.000e+00
     56.655     8.3959    33.0239    25.6636 8.5470e-02      1.780    1482.46     30.178     2.8577 271.487236    6.63200     57.202     1.3178  34.743171  0.000e+00
     56.670     8.3957    33.0239    25.6636 8.5470e-02      1.780    1482.46     30.183     2.8581 271.487236    6.63204     57.217     1.3178  34.742987  0.000e+00
     56.694     8.3959    33.0238    25.6635 8.5470e-02      1.788    1482.46     30.175     2.8574 271.487237    6.63201     57.241     1.3178  34.743110  0.000e+00
     56.715     8.3960    33.0236    25.6633 8.5470e-02      1.795    1482.46     30.176     2.8575 271.487237    6.63200     57.263     1.3178  34.742987  0.000e+00
     56.730     8.3962    33.0238    25.6635 8.5470e-02      1.810    1482.46     30.177     2.8575 271.487238    6.63196     57.277     1.2873  34.743356  0.000e+00
     56.751     8.3962    33.0238    25.6634 8.5470e-02      1.802    1482.46     30.175     2.8574 271.487238    6.63197     57.299     1.2873  34.743356  0.000e+00
     56.779     8.3960    33.0237    25.6634 8.5470e-02      1.802    1482.46     30.173     2.8571 271.487239    6.63199     57.327     1.2873  34.743172  0.000e+00
     56.787     8.3962    33.0234    25.6631 8.5470e-02      1.817    1482.46     30.169     2.8568 271.487239    6.63198     57.335     1.3178  34.742987  0.000e+00
     56.815     8.3957    33.0242    25.6639 8.5470e-02      1.810    1482.46     30.240     2.8635 271.487240    6.63202     57.363     1.3178  34.743356  0.000e+00
     56.839     8.3959    33.0240    25.6637 8.5470e-02      1.810    1482.46     30.243     2.8638 271.487240    6.63200     57.387     1.3178  34.743356  0.000e+00
     56.847     8.3957    33.0243    25.6639 8.5470e-02      1.817    1482.46     30.245     2.8640 271.487241    6.63202     57.396     1.3178  34.743418  0.000e+00
     56.863     8.3955    33.0244    25.6640 8.5470e-02      1.817    1482.46     30.245     2.8640 271.487241    6.63204     57.412     1.2873  34.743356  0.000e+00
     56.896     8.3955    33.0241    25.6638 8.5470e-02      1.824    1482.46     30.244     2.8639 271.487242    6.63205     57.445     1.3178  34.743172  0.000e+00
     56.910     8.3959    33.0239    25.6636 8.5470e-02      1.817    1482.46     30.240     2.8635 271.487242    6.63200     57.460     1.3178  34.743295  0.000e+00
     56.932     8.3962    33.0238    25.6634 8.5470e-02      1.802    1482.46     30.235     2.8630 271.487242    6.63197     57.481     1.3178  34.743418  0.000e+00
     56.959     8.3970    33.0227    25.6624 8.5470e-02      1.788    1482.47     30.228     2.8623 271.487243    6.63189     57.509     1.3178  34.743111  0.000e+00
     56.971     8.3971    33.0228    25.6625 8.5470e-02      1.780    1482.47     30.230     2.8625 271.487243    6.63186     57.520     1.3178  34.743356  0.000e+00
     56.992     8.3968    33.0231    25.6628 8.5470e-02      1.773    1482.47     30.231     2.8626 271.487244    6.63190     57.542     1.3178  34.743356  0.000e+00
     57.019     8.3962    33.0235    25.6632 8.5470e-02      1.780    1482.47     30.231     2.8627 271.487244    6.63198     57.570     1.3178  34.743172  0.000e+00
     57.028     8.3959    33.0239    25.6636 8.5470e-02      1.788    1482.46     30.229     2.8625 271.487245    6.63201     57.578     1.3178  34.743295  0.000e+00
     57.055     8.3959    33.0240    25.6637 8.5470e-02      1.817    1482.47     30.303     2.8694 271.487245    6.63200     57.606     1.3178  34.743418  0.000e+00
     57.076     8.3955    33.0243    25.6639 8.5470e-02      1.832    1482.46     30.232     2.8628 271.487246    6.63204     57.627     1.2873  34.743357  0.000e+00
     57.104     8.3959    33.0237    25.6634 9.7680e-02      1.839    1482.47     30.302     2.8694 271.487246    6.63201     57.655     1.2873  34.743173  0.000e+00
     57.112     8.3957    33.0242    25.6639 9.7680e-02      1.839    1482.47     30.305     2.8697 271.487247    6.63201     57.663     1.2873  34.743541  0.000e+00
     57.140     8.3951    33.0248    25.6644 9.7680e-02      1.861    1482.46     30.230     2.8626 271.487247    6.63209     57.691     1.2873  34.743480  0.000e+00
     57.161     8.3952    33.0245    25.6641 9.7680e-02      1.883    1482.47     30.295     2.8688 271.487248    6.63208     57.713     1.2873  34.743357  0.000e+00
     57.188     8.3952    33.0245    25.6642 8.5470e-02      1.875    1482.47     30.293     2.8686 271.487248    6.63208     57.740     1.2873  34.743419  0.000e+00
     57.200     8.3947    33.0247    25.6644 9.7680e-02      1.853    1482.46     30.289     2.8682 271.487249    6.63214     57.752     1.2873  34.743112  0.000e+00
     57.232     8.3951    33.0248    25.6644 8.5470e-02      1.832    1482.47     30.284     2.8677 271.487249    6.63209     57.785     1.3178  34.743542  0.000e+00
     57.249     8.3947    33.0250    25.6646 8.5470e-02      1.817    1482.47     30.287     2.8680 271.487250    6.63213     57.801     1.3178  34.743419  0.000e+00
     57.257     8.3947    33.0252    25.6648 8.5470e-02      1.817    1482.47     30.290     2.8682 271.487250    6.63212     57.809     1.2873  34.743665  0.000e+00
     57.296     8.3949    33.0251    25.6646 8.5470e-02      1.810    1482.47     30.291     2.8683 271.487251    6.63211     57.849     1.2873  34.743665  0.000e+00
     57.304     8.3946    33.0257    25.6652 9.7680e-02      1.810    1482.47     30.290     2.8683 271.487251    6.63212     57.857     1.2873  34.743972  0.000e+00
     57.345     8.3947    33.0255    25.6650 8.5470e-02      1.810    1482.47     30.365     2.8753 271.487252    6.63211     57.898     1.2873  34.743972  0.000e+00
     57.353     8.3944    33.0254    25.6650 8.5470e-02      1.810    1482.47     30.372     2.8760 271.487252    6.63216     57.906     1.3178  34.743604  0.000e+00
     57.369     8.3942    33.0259    25.6653 8.5470e-02      1.810    1482.47     30.377     2.8765 271.487253    6.63217     57.923     1.3178  34.743849  0.000e+00
     57.401     8.3939    33.0263    25.6658 8.5470e-02      1.810    1482.47     30.380     2.8769 271.487253    6.63220     57.956     1.3178  34.744034  0.000e+00
     57.416     8.3941    33.0261    25.6656 8.5470e-02      1.817    1482.47     30.382     2.8771 271.487254    6.63218     57.970     1.3178  34.743972  0.000e+00
     57.449     8.3938    33.0264    25.6659 8.5470e-02      1.853    1482.47     30.382     2.8771 271.487254    6.63221     58.003     1.3178  34.744034  0.000e+00
     57.454     8.3938    33.0269    25.6662 8.5470e-02      1.890    1482.47     30.381     2.8769 271.487255    6.63219     58.008     1.3178  34.744464  0.000e+00
     57.484     8.3936    33.0268    25.6662 8.5470e-02      1.875    1482.47     30.377     2.8766 271.487255    6.63223     58.039     1.2873  34.744218  0.000e+00
     57.489     8.3936    33.0271    25.6664 8.5470e-02      1.839    1482.47     30.383     2.8771 271.487255    6.63222     58.044     1.3178  34.744464  0.000e+00
     57.533     8.3934    33.0269    25.6663 8.5470e-02      1.817    1482.47     30.388     2.8776 271.487256    6.63224     58.089     1.3178  34.744218  0.000e+00
     57.549     8.3936    33.0268    25.6662 8.5470e-02      1.802    1482.47     30.380     2.8768 271.487256    6.63223     58.105     1.2873  34.744218  0.000e+00
     57.558     8.3934    33.0268    25.6662 9.7680e-02      1.795    1482.47     30.381     2.8770 271.487257    6.63225     58.113     1.3178  34.744096  0.000e+00
     57.597     8.3934    33.0269    25.6663 9.7680e-02      1.802    1482.47     30.381     2.8770 271.487257    6.63225     58.153     1.3178  34.744219  0.000e+00
     57.629     8.3933    33.0271    25.6665 9.7680e-02      1.795    1482.47     30.380     2.8769 271.487258    6.63226     58.185     1.2873  34.744342  0.000e+00
     57.634     8.3934    33.0267    25.6661 8.5470e-02      1.788    1482.47     30.378     2.8766 271.487258    6.63225     58.190     1.3178  34.744035  0.000e+00
     57.653     8.3936    33.0268    25.6662 8.5470e-02      1.788    1482.47     30.450     2.8835 271.487259    6.63223     58.210     1.2873  34.744280  0.000e+00
     57.681     8.3933    33.0270    25.6664 8.5470e-02      1.780    1482.47     30.455     2.8839 271.487259    6.63226     58.238     1.2873  34.744280  0.000e+00
     57.702     8.3933    33.0271    25.6665 8.5470e-02      1.788    1482.47     30.458     2.8842 271.487260    6.63226     58.259     1.3178  34.744342  0.000e+00
     57.730     8.3933    33.0270    25.6664 8.5470e-02      1.839    1482.47     30.459     2.8844 271.487260    6.63226     58.287     1.2873  34.744280  0.000e+00
     57.749     8.3933    33.0271    25.6665 8.5470e-02      1.905    1482.47     30.459     2.8843 271.487261    6.63226     58.307     1.2873  34.744342  0.000e+00
     57.766     8.3934    33.0269    25.6663 8.5470e-02      1.905    1482.47     30.457     2.8841 271.487261    6.63225     58.323     1.2873  34.744281  0.000e+00
     57.798     8.3936    33.0268    25.6662 8.5470e-02      1.853    1482.47     30.453     2.8838 271.487262    6.63223     58.356     1.3178  34.744342  0.000e+00
     57.814     8.3936    33.0267    25.6661 8.5470e-02      1.824    1482.47     30.447     2.8832 271.487262    6.63223     58.373     1.2873  34.744281  0.000e+00
     57.834     8.3936    33.0268    25.6662 8.5470e-02      1.802    1482.47     30.440     2.8825 271.487263    6.63223     58.392     1.2873  34.744342  0.000e+00
     57.850     8.3934    33.0266    25.6660 9.7680e-02      1.795    1482.47     30.442     2.8827 271.487263    6.63226     58.409     1.2873  34.744035  0.000e+00
     57.883     8.3936    33.0267    25.6661 9.7680e-02      1.788    1482.47     30.442     2.8828 271.487264    6.63223     58.441     1.2873  34.744281  0.000e+00
     57.910     8.3936    33.0267    25.6661 8.5470e-02      1.773    1482.47     30.518     2.8899 271.487264    6.63223     58.469     1.3178  34.744281  0.000e+00
     57.930     8.3936    33.0265    25.6659 8.5470e-02      1.773    1482.47     30.450     2.8835 271.487265    6.63224     58.489     1.3178  34.744097  0.000e+00
     57.954     8.3938    33.0264    25.6658 8.5470e-02      1.780    1482.48     30.522     2.8903 271.487265    6.63221     58.514     1.3178  34.744220  0.000e+00
     57.959     8.3938    33.0263    25.6657 8.5470e-02      1.788    1482.48     30.527     2.8907 271.487266    6.63222     58.519     1.3178  34.744097  0.000e+00
     58.003     8.3934    33.0267    25.6661 8.5470e-02      1.795    1482.48     30.530     2.8911 271.487266    6.63225     58.563     1.3178  34.744220  0.000e+00
     58.019     8.3936    33.0264    25.6659 8.5470e-02      1.802    1482.48     30.531     2.8912 271.487267    6.63224     58.579     1.2873  34.744097  0.000e+00
     58.039     8.3936    33.0265    25.6660 8.5470e-02      1.839    1482.48     30.531     2.8911 271.487267    6.63224     58.599     1.2873  34.744220  0.000e+00
     58.066     8.3934    33.0265    25.6660 8.5470e-02      1.875    1482.48     30.529     2.8910 271.487268    6.63226     58.627     1.2873  34.744097  0.000e+00
     58.088     8.3936    33.0263    25.6658 8.5470e-02      1.846    1482.48     30.525     2.8906 271.487268    6.63225     58.648     1.2873  34.743975  0.000e+00
     58.115     8.3936    33.0268    25.6662 8.5470e-02      1.832    1482.48     30.519     2.8901 271.487269    6.63223     58.676     1.2873  34.744527  0.000e+00
     58.135     8.3933    33.0272    25.6665 8.5470e-02      1.868    1482.48     30.523     2.8904 271.487269    6.63226     58.696     1.2873  34.744589  0.000e+00
     58.159     8.3933    33.0270    25.6664 8.5470e-02      1.853    1482.48     30.514     2.8896 271.487269    6.63227     58.721     1.2873  34.744405  0.000e+00
     58.175     8.3936    33.0271    25.6664 8.5470e-02      1.824    1482.48     30.515     2.8896 271.487270    6.63222     58.737     1.3178  34.744773  0.000e+00
     58.208     8.3936    33.0268    25.6662 8.5470e-02      1.802    1482.48     30.590     2.8968 271.487270    6.63223     58.770     1.3178  34.744528  0.000e+00
     58.236     8.3936    33.0268    25.6662 8.5470e-02      1.795    1482.48     30.511     2.8893 271.487271    6.63223     58.798     1.2873  34.744528  0.000e+00
     58.244     8.3934    33.0266    25.6660 8.5470e-02      1.780    1482.48     30.507     2.8889 271.487271    6.63226     58.806     1.2873  34.744221  0.000e+00
     58.284     8.3938    33.0265    25.6659 8.5470e-02      1.788    1482.48     30.501     2.8883 271.487272    6.63221     58.847     1.2873  34.744466  0.000e+00
     58.304     8.3938    33.0264    25.6659 8.5470e-02      1.810    1482.48     30.570     2.8949 271.487272    6.63221     58.867     1.2873  34.744405  0.000e+00
     58.320     8.3936    33.0262    25.6657 8.5470e-02      1.839    1482.48     30.572     2.8951 271.487273    6.63225     58.883     1.2873  34.744037  0.000e+00
     58.351     8.3934    33.0266    25.6661 8.5470e-02      1.846    1482.48     30.572     2.8951 271.487273    6.63226     58.914     1.3178  34.744283  0.000e+00
