cruise/data/ship_ctd/Driftboyeposisjon_280923_tokt2.cnv
* Sea-Bird SBE 9 Data File:
* FileName = C:\CTD Brukere\UiO Kurs\Geo2320 2023\Driftboyeposisjon_280923_tokt2.hex
* Software Version Seasave V 7.26.7.121
* Temperature SN = 5352
* Conductivity SN = 3840
* Number of Bytes Per Scan = 31
* Number of Voltage Words = 5
* Number of Scans Averaged by the Deck Unit = 1
* NMEA baud rate = 4800
** Ship: R/V Trygve Braarud
** Cruise:
** Station:
** Operator:
# nquan = 15
# nvalues = 3497                                  
# units = specified
# name 0 = depSM: Depth [salt water, m], lat = 59.90
# name 1 = t090C: Temperature [ITS-90, deg C]
# name 2 = sal00: Salinity, Practical [PSU]
# name 3 = sigma-t00: Density [sigma-t, kg/m^3 ]
# name 4 = flSP: Fluorescence, Seapoint
# name 5 = seaTurbMtr: Turbidity, Seapoint [FTU]
# name 6 = svCM: Sound Velocity [Chen-Millero, m/s]
# name 7 = sbeox0PS: Oxygen, SBE 43 [% saturation]
# name 8 = sbeox0Mg/L: Oxygen, SBE 43 [mg/l]
# name 9 = timeJ: Julian Days
# name 10 = oxsatML/L: Oxygen Saturation, Weiss [ml/l]
# name 11 = prDM: Pressure, Digiquartz [db]
# name 12 = wetStar: Fluorescence, WET Labs WETstar [mg/m^3]
# name 13 = c0mS/cm: Conductivity [mS/cm]
# name 14 = flag:  0.000e+00
# span 0 =      0.570,     73.917                 
# span 1 =     8.3432,    15.7707                 
# span 2 =    17.2687,    33.1011                 
# span 3 =    12.2331,    25.7320                 
# span 4 = 8.5470e-02, 1.5824e+01                 
# span 5 =      1.707,     19.011                 
# span 6 =    1482.43,    1495.69                 
# span 7 =     23.938,     86.865                 
# span 8 =     2.2494,     7.7755                 
# span 9 = 271.485926, 271.487612                 
# span 10 =    6.04349,    6.63667                
# span 11 =      0.576,     74.634                
# span 12 =     1.2568,     4.4009                
# span 13 =  22.964851,  34.848643                
# span 14 = 0.0000e+00, 0.0000e+00                
# interval = seconds: 0.0416667
# start_time = Sep 28 2023 11:39:44 [System UTC, first data scan.]
# bad_flag = -9.990e-29
*END*
[from data line 675]
     12.022    15.5952    22.1916    16.0047 2.6007e+00      1.963    1493.95     72.073     6.2670 271.486251    6.07697     12.137     3.2714  28.853106  0.000e+00
     12.058    15.6018    22.2491    16.0474 2.6007e+00      1.971    1494.04     71.965     6.2546 271.486252    6.07403     12.173     3.2409  28.925310  0.000e+00
     12.082    15.5996    22.2872    16.0771 2.8083e+00      1.971    1494.08     71.860     6.2443 271.486252    6.07289     12.198     3.2409  28.968860  0.000e+00
     12.094    15.5956    22.3128    16.0974 3.3944e+00      2.007    1494.09     71.751     6.2343 271.486253    6.07244     12.209     3.2104  28.996378  0.000e+00
     12.124    15.5919    22.3387    16.1181 3.7363e+00      1.993    1494.11     71.645     6.2246 271.486253    6.07195     12.240     3.1799  29.024536  0.000e+00
     12.154    15.5854    22.3943    16.1619 4.2125e+00      1.963    1494.15     71.543     6.2145 271.486254    6.07069     12.270     3.1799  29.085763  0.000e+00
     12.154    15.5762    22.4723    16.2236 4.8596e+00      1.971    1494.21     71.437     6.2035 271.486254    6.06895     12.270     3.1799  29.171629  0.000e+00
     12.178    15.5674    22.5470    16.2826 5.9096e+00      1.978    1494.27     71.329     6.1923 271.486255    6.06727     12.294     3.2104  29.253850  0.000e+00
     12.214    15.5557    22.6381    16.3548 5.7753e+00      1.971    1494.34     71.224     6.1812 271.486255    6.06536     12.330     3.2104  29.353262  0.000e+00
     12.225    15.5384    22.7594    16.4512 4.7985e+00      1.949    1494.42     71.195     6.1763 271.486256    6.06301     12.342     3.1799  29.484294  0.000e+00
     12.261    15.5152    22.8895    16.5556 3.9072e+00      1.919    1494.50     70.953     6.1533 271.486256    6.06108     12.377     3.1493  29.621497  0.000e+00
     12.273    15.4904    22.9974    16.6432 3.3944e+00      1.890    1494.54     70.918     6.1493 271.486257    6.06018     12.391     3.1493  29.731153  0.000e+00
     12.296    15.4671    23.0846    16.7148 3.0159e+00      1.875    1494.57     70.816     6.1401 271.486257    6.05983     12.413     3.1188  29.817607  0.000e+00
     12.309    15.4455    23.1506    16.7697 2.6007e+00      1.846    1494.58     70.719     6.1319 271.486258    6.06008     12.427     3.1188  29.880031  0.000e+00
     12.345    15.4300    23.1993    16.8102 2.2955e+00      1.832    1494.58     70.620     6.1235 271.486258    6.06020     12.463     3.1188  29.926432  0.000e+00
     12.369    15.4173    23.2509    16.8523 2.1490e+00      1.839    1494.60     70.528     6.1151 271.486259    6.05987     12.487     3.0883  29.978141  0.000e+00
     12.380    15.4057    23.3105    16.9003 2.0757e+00      1.846    1494.63     70.433     6.1061 271.486259    6.05910     12.498     3.0578  30.039818  0.000e+00
     12.416    15.3940    23.3795    16.9556 2.0635e+00      1.875    1494.67     70.345     6.0973 271.486260    6.05801     12.534     3.0578  30.112299  0.000e+00
     12.429    15.3826    23.4380    17.0027 2.2344e+00      1.905    1494.71     70.183     6.0825 271.486260    6.05726     12.548     2.9967  30.172740  0.000e+00
     12.452    15.3740    23.4850    17.0405 2.2955e+00      1.897    1494.73     70.156     6.0795 271.486261    6.05658     12.570     2.9967  30.221755  0.000e+00
     12.476    15.3623    23.5346    17.0809 2.2589e+00      1.875    1494.75     70.071     6.0717 271.486261    6.05620     12.595     2.9662  30.271440  0.000e+00
     12.500    15.3477    23.6019    17.1355 2.2344e+00      1.875    1494.78     69.984     6.0635 271.486262    6.05553     12.619     2.9662  30.339757  0.000e+00
     12.512    15.3323    23.7066    17.2189 2.3321e+00      1.868    1494.85     69.831     6.0483 271.486262    6.05356     12.631     2.9357  30.451039  0.000e+00
     12.547    15.3174    23.8055    17.2977 2.4420e+00      1.853    1494.92     69.743     6.0388 271.486263    6.05175     12.667     2.9357  30.555691  0.000e+00
     12.571    15.3039    23.8760    17.3545 2.3321e+00      1.853    1494.96     69.654     6.0301 271.486263    6.05083     12.691     2.9051  30.628167  0.000e+00
     12.596    15.2911    23.9600    17.4215 2.0269e+00      1.861    1495.01     69.565     6.0208 271.486264    6.04931     12.716     2.9051  30.716818  0.000e+00
     12.596    15.2793    24.0583    17.4993 1.9170e+00      1.861    1495.09     69.482     6.0115 271.486264    6.04714     12.716     2.9051  30.822632  0.000e+00
     12.631    15.2677    24.1337    17.5594 1.9414e+00      1.846    1495.14     69.400     6.0030 271.486264    6.04578     12.752     2.8746  30.901981  0.000e+00
     12.656    15.2581    24.1838    17.5998 1.8071e+00      1.846    1495.17     69.317     5.9952 271.486265    6.04513     12.776     2.8441  30.953199  0.000e+00
     12.680    15.2500    24.2201    17.6293 1.5385e+00      1.846    1495.18     69.234     5.9877 271.486265    6.04478     12.801     2.8441  30.989694  0.000e+00
     12.691    15.2442    24.2467    17.6509 1.4530e+00      1.839    1495.19     69.159     5.9809 271.486266    6.04453     12.812     2.8441  31.016268  0.000e+00
     12.716    15.2388    24.2713    17.6708 1.6850e+00      1.846    1495.21     69.084     5.9741 271.486266    6.04428     12.837     2.8136  31.040968  0.000e+00
     12.740    15.2333    24.2935    17.6890 1.7338e+00      1.897    1495.21     69.008     5.9675 271.486267    6.04415     12.862     2.8136  31.062792  0.000e+00
     12.763    15.2267    24.3152    17.7070 1.5629e+00      1.971    1495.22     68.933     5.9610 271.486267    6.04416     12.884     2.7525  31.083210  0.000e+00
     12.798    15.2220    24.3295    17.7189 1.4774e+00      2.073    1495.22     68.794     5.9490 271.486268    6.04422     12.920     2.7525  31.096452  0.000e+00
     12.798    15.2114    24.3645    17.7479 1.6239e+00      2.117    1495.23     68.711     5.9418 271.486268    6.04423     12.920     2.7525  31.129360  0.000e+00
     12.823    15.1957    24.4181    17.7922 1.6361e+00      2.066    1495.24     68.628     5.9346 271.486269    6.04421     12.945     2.7525  31.180073  0.000e+00
     12.847    15.1759    24.4711    17.8368 1.4774e+00      2.044    1495.23     68.545     5.9279 271.486269    6.04470     12.969     2.7525  31.227162  0.000e+00
     12.871    15.1509    24.5234    17.8820 1.4530e+00      2.029    1495.21     68.469     5.9224 271.486270    6.04587     12.994     2.7525  31.269619  0.000e+00
     12.894    15.1293    24.5796    17.9295 1.5018e+00      2.000    1495.21     68.386     5.9158 271.486270    6.04647     13.017     2.7830  31.318943  0.000e+00
     12.907    15.1107    24.6652    17.9990 1.5385e+00      1.993    1495.25     68.240     5.9023 271.486271    6.04561     13.030     2.7525  31.404265  0.000e+00
     12.931    15.0886    24.7775    18.0896 1.6606e+00      2.029    1495.31     68.159     5.8939 271.486271    6.04420     13.054     2.7220  31.517651  0.000e+00
     12.954    15.0672    24.8640    18.1603 1.6117e+00      2.029    1495.34     68.079     5.8864 271.486272    6.04365     13.077     2.7220  31.601757  0.000e+00
     12.967    15.0497    24.9191    18.2061 1.5751e+00      2.000    1495.34     68.000     5.8797 271.486272    6.04379     13.090     2.6915  31.652285  0.000e+00
     13.002    15.0334    24.9598    18.2407 1.5629e+00      1.993    1495.34     67.922     5.8734 271.486273    6.04431     13.126     2.6915  31.687252  0.000e+00
     13.014    15.0149    25.0015    18.2764 1.5629e+00      2.000    1495.33     67.845     5.8675 271.486273    6.04506     13.138     2.6915  31.721701  0.000e+00
     13.027    14.9982    25.0420    18.3109 1.4774e+00      2.007    1495.32     67.769     5.8614 271.486274    6.04564     13.151     2.6915  31.755926  0.000e+00
     13.038    14.9799    25.1070    18.3645 1.3797e+00      2.161    1495.34     67.694     5.8548 271.486274    6.04551     13.162     2.7220  31.817055  0.000e+00
     13.062    14.9611    25.1717    18.4180 1.4286e+00      2.271    1495.35     67.548     5.8420 271.486275    6.04545     13.187     2.7220  31.877456  0.000e+00
     13.098    14.9477    25.2077    18.4483 1.4774e+00      2.198    1495.35     67.468     5.8354 271.486275    6.04578     13.223     2.6915  31.908832  0.000e+00
     13.109    14.9354    25.2387    18.4746 1.5140e+00      2.103    1495.35     67.317     5.8227 271.486276    6.04616     13.234     2.6609  31.935286  0.000e+00
     13.134    14.9217    25.2835    18.5117 1.4774e+00      2.037    1495.35     67.232     5.8154 271.486276    6.04620     13.259     2.6304  31.976497  0.000e+00
     13.145    14.9034    25.3488    18.5656 1.4164e+00      2.022    1495.37     67.149     5.8080 271.486277    6.04606     13.270     2.5999  32.037727  0.000e+00
     13.182    14.8817    25.4201    18.6247 1.2943e+00      2.007    1495.38     66.994     5.7946 271.486277    6.04612     13.308     2.5694  32.103113  0.000e+00
     13.193    14.8613    25.4920    18.6840 1.1966e+00      2.007    1495.40     66.906     5.7869 271.486277    6.04600     13.319     2.5694  32.170039  0.000e+00
     13.205    14.8375    25.5602    18.7411 1.1722e+00      2.007    1495.40     66.746     5.7735 271.486278    6.04642     13.331     2.5694  32.230217  0.000e+00
     13.205    14.8155    25.6123    18.7856 1.2210e+00      2.000    1495.39     66.582     5.7600 271.486278    6.04723     13.331     2.5694  32.273245  0.000e+00
     13.281    14.7968    25.6554    18.8225 1.2088e+00      2.000    1495.38     66.413     5.7461 271.486279    6.04797     13.408     2.5388  32.308352  0.000e+00
     13.278    14.7782    25.7027    18.8625 1.1111e+00      2.007    1495.37     66.320     5.7385 271.486279    6.04852     13.404     2.5388  32.348313  0.000e+00
     13.289    14.7588    25.7579    18.9088 1.0623e+00      1.993    1495.37     66.141     5.7233 271.486280    6.04891     13.416     2.5083  32.396541  0.000e+00
     13.300    14.7421    25.8194    18.9595 1.0989e+00      2.000    1495.39     65.966     5.7080 271.486280    6.04870     13.427     2.5083  32.454008  0.000e+00
     13.338    14.7281    25.8826    19.0108 1.1966e+00      2.037    1495.42     65.787     5.6919 271.486281    6.04809     13.465     2.5083  32.515405  0.000e+00
     13.338    14.7146    25.9442    19.0609 1.1600e+00      2.029    1495.45     65.604     5.6755 271.486281    6.04750     13.465     2.4778  32.575108  0.000e+00
     13.373    14.7045    25.9883    19.0968 1.0989e+00      2.022    1495.47     65.419     5.6590 271.486282    6.04712     13.501     2.5083  32.617590  0.000e+00
     13.385    14.6971    26.0269    19.1279 1.0379e+00      2.007    1495.49     65.158     5.6360 271.486282    6.04661     13.512     2.4778  32.655776  0.000e+00
     13.398    14.6874    26.0696    19.1627 1.0745e+00      1.985    1495.50     64.958     5.6184 271.486283    6.04623     13.525     2.4778  32.696859  0.000e+00
     13.433    14.6775    26.1233    19.2060 1.0012e+00      1.963    1495.53     64.757     5.6002 271.486283    6.04547     13.561     2.4473  32.750386  0.000e+00
     13.433    14.6698    26.1752    19.2474 8.9133e-01      1.941    1495.57     64.473     5.5748 271.486284    6.04451     13.561     2.4473  32.803226  0.000e+00
     13.456    14.6626    26.2171    19.2810 8.0586e-01      1.934    1495.60     64.261     5.5558 271.486284    6.04385     13.584     2.4167  32.845280  0.000e+00
     13.480    14.6551    26.2519    19.3093 8.9133e-01      1.941    1495.61     63.976     5.5308 271.486285    6.04349     13.609     2.4167  32.879059  0.000e+00
     13.493    14.6478    26.2766    19.3298 9.2796e-01      1.963    1495.62     63.754     5.5117 271.486285    6.04349     13.622     2.4473  32.901426  0.000e+00
     13.508    14.6437    26.2797    19.3330 8.7912e-01      1.963    1495.61     63.453     5.4860 271.486286    6.04389     13.637     2.4473  32.901727  0.000e+00
     13.540    14.6433    26.2645    19.3214 8.0586e-01      1.993    1495.59     63.218     5.4662 271.486286    6.04450     13.669     2.4473  32.884231  0.000e+00
     13.551    14.6399    26.2684    19.3251 7.6923e-01      2.051    1495.58     62.838     5.4336 271.486287    6.04477     13.681     2.4473  32.886155  0.000e+00
     13.576    14.6312    26.2780    19.3342 1.0867e+00      2.037    1495.57     62.515     5.4063 271.486287    6.04551     13.705     2.4473  32.890365  0.000e+00
     13.589    14.6295    26.2597    19.3204 1.5018e+00      1.963    1495.54     62.261     5.3851 271.486288    6.04640     13.718     2.4167  32.868302  0.000e+00
     13.611    14.6345    26.2436    19.3070 1.5873e+00      1.912    1495.54     61.938     5.3572 271.486288    6.04637     13.741     2.3862  32.853937  0.000e+00
     13.624    14.6309    26.2683    19.3268 1.6850e+00      1.883    1495.55     61.609     5.3283 271.486289    6.04590     13.754     2.3862  32.879183  0.000e+00
     13.649    14.6222    26.3098    19.3604 1.4652e+00      1.868    1495.57     61.275     5.2990 271.486289    6.04545     13.779     2.3557  32.919410  0.000e+00
     13.671    14.6108    26.3471    19.3914 1.1966e+00      1.846    1495.58     60.937     5.2698 271.486290    6.04548     13.802     2.3252  32.952978  0.000e+00
     13.684    14.5994    26.3743    19.4145 1.1111e+00      1.846    1495.57     60.597     5.2407 271.486290    6.04589     13.815     2.3252  32.975003  0.000e+00
     13.707    14.5885    26.3958    19.4333 1.0745e+00      1.868    1495.56     60.182     5.2053 271.486291    6.04646     13.838     2.3252  32.990954  0.000e+00
     13.735    14.5761    26.4206    19.4548 1.0745e+00      1.868    1495.55     59.830     5.1754 271.486291    6.04709     13.866     2.3252  33.009437  0.000e+00
     13.744    14.5648    26.4541    19.4828 1.0989e+00      1.905    1495.55     59.470     5.1444 271.486291    6.04726     13.875     2.2946  33.038583  0.000e+00
     13.756    14.5571    26.4986    19.5186 1.3065e+00      1.978    1495.58     59.111     5.1127 271.486292    6.04656     13.887     2.2946  33.082922  0.000e+00
     13.780    14.5527    26.5436    19.5541 1.3309e+00      2.000    1495.62     58.681     5.0746 271.486292    6.04543     13.911     2.2641  33.130358  0.000e+00
     13.816    14.5489    26.5813    19.5838 1.1477e+00      1.971    1495.65     58.318     5.0424 271.486293    6.04451     13.947     2.2641  33.169919  0.000e+00
     13.816    14.5452    26.6085    19.6055 9.5238e-01      1.927    1495.67     57.956     5.0106 271.486293    6.04396     13.947     2.2641  33.197791  0.000e+00
     13.840    14.5422    26.6271    19.6204 9.4017e-01      1.905    1495.68     57.598     4.9794 271.486294    6.04365     13.972     2.2641  33.216498  0.000e+00
     13.862    14.5395    26.6391    19.6302 1.2088e+00      1.883    1495.69     57.162     4.9417 271.486294    6.04353     13.995     2.2336  33.227966  0.000e+00
     13.887    14.5356    26.6523    19.6411 1.6606e+00      1.875    1495.69     56.796     4.9100 271.486295    6.04354     14.019     2.2336  33.239737  0.000e+00
     13.903    14.5300    26.6656    19.6525 1.7460e+00      1.875    1495.69     56.361     4.8725 271.486295    6.04373     14.036     2.2336  33.250544  0.000e+00
     13.922    14.5227    26.6773    19.6629 1.5873e+00      1.883    1495.68     55.995     4.8413 271.486296    6.04422     14.055     2.2336  33.257971  0.000e+00
     13.935    14.5118    26.6885    19.6737 1.4164e+00      1.883    1495.66     55.635     4.8109 271.486296    6.04515     14.068     2.2336  33.262259  0.000e+00
     13.971    14.5004    26.6992    19.6842 1.3431e+00      1.905    1495.63     55.209     4.7749 271.486297    6.04619     14.104     2.2031  33.265401  0.000e+00
     13.982    14.4876    26.7109    19.6958 1.2821e+00      1.949    1495.60     54.855     4.7452 271.486297    6.04735     14.116     2.2336  33.268723  0.000e+00
