cruise/data/ship_ctd/Driftboyeposisjon_280923_tokt2.cnv
* Sea-Bird SBE 9 Data File:
* FileName = C:\CTD Brukere\UiO Kurs\Geo2320 2023\Driftboyeposisjon_280923_tokt2.hex
* Software Version Seasave V 7.26.7.121
* Temperature SN = 5352
* Conductivity SN = 3840
* Number of Bytes Per Scan = 31
* Number of Voltage Words = 5
* Number of Scans Averaged by the Deck Unit = 1
* NMEA baud rate = 4800
** Ship: R/V Trygve Braarud
** Cruise:
** Station:
** Operator:
# nquan = 15
# nvalues = 3497                                  
# units = specified
# name 0 = depSM: Depth [salt water, m], lat = 59.90
# name 1 = t090C: Temperature [ITS-90, deg C]
# name 2 = sal00: Salinity, Practical [PSU]
# name 3 = sigma-t00: Density [sigma-t, kg/m^3 ]
# name 4 = flSP: Fluorescence, Seapoint
# name 5 = seaTurbMtr: Turbidity, Seapoint [FTU]
# name 6 = svCM: Sound Velocity [Chen-Millero, m/s]
# name 7 = sbeox0PS: Oxygen, SBE 43 [% saturation]
# name 8 = sbeox0Mg/L: Oxygen, SBE 43 [mg/l]
# name 9 = timeJ: Julian Days
# name 10 = oxsatML/L: Oxygen Saturation, Weiss [ml/l]
# name 11 = prDM: Pressure, Digiquartz [db]
# name 12 = wetStar: Fluorescence, WET Labs WETstar [mg/m^3]
# name 13 = c0mS/cm: Conductivity [mS/cm]
# name 14 = flag:  0.000e+00
# span 0 =      0.570,     73.917                 
# span 1 =     8.3432,    15.7707                 
# span 2 =    17.2687,    33.1011                 
# span 3 =    12.2331,    25.7320                 
# span 4 = 8.5470e-02, 1.5824e+01                 
# span 5 =      1.707,     19.011                 
# span 6 =    1482.43,    1495.69                 
# span 7 =     23.938,     86.865                 
# span 8 =     2.2494,     7.7755                 
# span 9 = 271.485926, 271.487612                 
# span 10 =    6.04349,    6.63667                
# span 11 =      0.576,     74.634                
# span 12 =     1.2568,     4.4009                
# span 13 =  22.964851,  34.848643                
# span 14 = 0.0000e+00, 0.0000e+00                
# interval = seconds: 0.0416667
# start_time = Sep 28 2023 11:39:44 [System UTC, first data scan.]
# bad_flag = -9.990e-29
*END*
[from data line 2217]
     45.654     8.4773    32.9255    25.5742 9.7680e-02      1.919    1482.46     27.738     2.6234 271.486995    6.62393     46.093     1.3484  34.717277  0.000e+00
     45.685     8.4768    32.9262    25.5748 8.5470e-02      1.905    1482.46     27.819     2.6311 271.486996    6.62398     46.124     1.3484  34.717523  0.000e+00
     45.685     8.4764    32.9265    25.5751 9.7680e-02      1.919    1482.46     27.830     2.6322 271.486996    6.62403     46.124     1.3484  34.717400  0.000e+00
     45.720     8.4757    32.9275    25.5760 9.7680e-02      1.927    1482.46     27.836     2.6328 271.486997    6.62409     46.160     1.3484  34.717768  0.000e+00
     45.750     8.4758    32.9281    25.5764 9.7680e-02      1.927    1482.46     27.837     2.6329 271.486997    6.62405     46.190     1.3484  34.718444  0.000e+00
     45.756     8.4754    32.9287    25.5770 9.7680e-02      2.073    1482.46     27.834     2.6326 271.486997    6.62409     46.197     1.3484  34.718628  0.000e+00
     45.781     8.4746    32.9293    25.5776 9.7680e-02      3.004    1482.46     27.902     2.6390 271.486998    6.62418     46.221     1.3484  34.718567  0.000e+00
     45.810     8.4737    32.9305    25.5786 9.7680e-02      3.223    1482.46     27.910     2.6398 271.486998    6.62427     46.251     1.3484  34.718813  0.000e+00
     45.829     8.4725    32.9319    25.5799 8.5470e-02      2.864    1482.45     27.913     2.6402 271.486999    6.62439     46.270     1.3789  34.719120  0.000e+00
     45.841     8.4719    32.9325    25.5805 8.5470e-02      2.535    1482.45     27.911     2.6401 271.486999    6.62445     46.282     1.3484  34.719181  0.000e+00
     45.870     8.4709    32.9336    25.5815 9.7680e-02      2.330    1482.45     27.905     2.6395 271.487000    6.62455     46.311     1.3484  34.719427  0.000e+00
     45.889     8.4699    32.9351    25.5829 9.7680e-02      2.212    1482.45     27.970     2.6457 271.487000    6.62463     46.331     1.3484  34.719980  0.000e+00
     45.914     8.4694    32.9360    25.5836 9.7680e-02      2.125    1482.45     27.975     2.6461 271.487001    6.62467     46.356     1.3484  34.720348  0.000e+00
     45.941     8.4685    32.9372    25.5847 8.5470e-02      2.044    1482.45     27.975     2.6462 271.487001    6.62476     46.383     1.3484  34.720655  0.000e+00
     45.949     8.4677    32.9380    25.5855 8.5470e-02      1.985    1482.44     27.970     2.6458 271.487002    6.62485     46.392     1.3789  34.720778  0.000e+00
     45.985     8.4674    32.9383    25.5858 9.7680e-02      1.941    1482.44     27.972     2.6459 271.487002    6.62488     46.428     1.3789  34.720778  0.000e+00
     46.001     8.4667    32.9395    25.5867 9.7680e-02      1.912    1482.44     27.958     2.6447 271.487003    6.62493     46.444     1.3789  34.721270  0.000e+00
     46.021     8.4656    32.9409    25.5880 9.7680e-02      1.905    1482.44     28.026     2.6512 271.487003    6.62504     46.464     1.3484  34.721638  0.000e+00
     46.045     8.4649    32.9414    25.5885 9.7680e-02      1.905    1482.44     28.024     2.6510 271.487004    6.62512     46.488     1.3484  34.721516  0.000e+00
     46.073     8.4643    32.9418    25.5889 9.7680e-02      1.905    1482.44     28.018     2.6504 271.487004    6.62520     46.516     1.3484  34.721393  0.000e+00
     46.081     8.4638    32.9425    25.5895 9.7680e-02      1.919    1482.44     28.017     2.6503 271.487005    6.62524     46.525     1.3484  34.721639  0.000e+00
     46.117     8.4628    32.9437    25.5907 9.7680e-02      1.949    1482.44     28.088     2.6571 271.487005    6.62533     46.561     1.3789  34.721946  0.000e+00
     46.122     8.4624    32.9447    25.5915 9.7680e-02      1.956    1482.44     28.088     2.6571 271.487006    6.62536     46.566     1.3789  34.722437  0.000e+00
     46.154     8.4614    32.9456    25.5923 8.5470e-02      1.949    1482.43     28.084     2.6568 271.487006    6.62547     46.598     1.3484  34.722437  0.000e+00
     46.170     8.4612    32.9456    25.5923 8.5470e-02      1.956    1482.43     28.075     2.6560 271.487007    6.62549     46.615     1.3484  34.722314  0.000e+00
     46.190     8.4615    32.9456    25.5923 8.5470e-02      1.949    1482.44     28.061     2.6546 271.487007    6.62545     46.634     1.3484  34.722560  0.000e+00
     46.214     8.4615    32.9456    25.5923 8.5470e-02      1.934    1482.44     28.129     2.6611 271.487008    6.62545     46.659     1.3484  34.722622  0.000e+00
     46.230     8.4611    32.9463    25.5929 8.5470e-02      2.000    1482.43     28.127     2.6609 271.487008    6.62549     46.675     1.3484  34.722867  0.000e+00
     46.261     8.4609    32.9465    25.5931 8.5470e-02      2.088    1482.44     28.121     2.6603 271.487009    6.62551     46.707     1.3484  34.722929  0.000e+00
     46.274     8.4601    32.9473    25.5938 8.5470e-02      2.095    1482.43     28.120     2.6602 271.487009    6.62560     46.720     1.3484  34.722929  0.000e+00
     46.291     8.4600    32.9472    25.5938 8.5470e-02      2.059    1482.43     28.115     2.6598 271.487010    6.62562     46.736     1.3484  34.722745  0.000e+00
     46.321     8.4600    32.9468    25.5935 8.5470e-02      2.066    1482.43     28.181     2.6661 271.487010    6.62564     46.767     1.3484  34.722377  0.000e+00
     46.326     8.4600    32.9467    25.5934 9.7680e-02      2.073    1482.43     28.177     2.6657 271.487011    6.62564     46.772     1.3789  34.722315  0.000e+00
     46.357     8.4598    32.9473    25.5939 8.5470e-02      2.037    1482.43     28.180     2.6659 271.487011    6.62564     46.803     1.3789  34.722745  0.000e+00
     46.382     8.4601    32.9470    25.5936 9.7680e-02      1.978    1482.43     28.167     2.6647 271.487011    6.62561     46.828     1.3484  34.722745  0.000e+00
     46.398     8.4609    32.9466    25.5932 8.5470e-02      1.941    1482.44     28.160     2.6640 271.487012    6.62550     46.844     1.3484  34.723052  0.000e+00
     46.406     8.4609    32.9466    25.5932 9.7680e-02      1.919    1482.44     28.225     2.6701 271.487012    6.62550     46.853     1.3484  34.723052  0.000e+00
     46.442     8.4606    32.9470    25.5935 9.7680e-02      1.912    1482.44     28.219     2.6696 271.487013    6.62553     46.889     1.3484  34.723175  0.000e+00
     46.458     8.4600    32.9476    25.5941 9.7680e-02      1.912    1482.44     28.209     2.6687 271.487013    6.62560     46.905     1.3178  34.723236  0.000e+00
     46.477     8.4596    32.9481    25.5945 8.5470e-02      1.912    1482.44     28.205     2.6683 271.487014    6.62564     46.925     1.3178  34.723298  0.000e+00
     46.507     8.4588    32.9484    25.5949 8.5470e-02      1.934    1482.43     28.196     2.6675 271.487014    6.62574     46.954     1.3178  34.722991  0.000e+00
     46.526     8.4585    32.9486    25.5951 9.7680e-02      1.971    1482.43     28.270     2.6745 271.487015    6.62578     46.974     1.3484  34.722930  0.000e+00
     46.538     8.4584    32.9492    25.5956 8.5470e-02      1.963    1482.43     28.263     2.6739 271.487015    6.62577     46.985     1.3178  34.723360  0.000e+00
     46.578     8.4582    32.9491    25.5956 9.7680e-02      1.949    1482.43     28.262     2.6738 271.487016    6.62581     47.026     1.3484  34.723114  0.000e+00
     46.586     8.4584    32.9492    25.5956 9.7680e-02      1.971    1482.43     28.257     2.6733 271.487016    6.62577     47.035     1.3178  34.723360  0.000e+00
     46.602     8.4595    32.9484    25.5948 9.7680e-02      1.978    1482.44     28.248     2.6724 271.487017    6.62564     47.051     1.3484  34.723605  0.000e+00
     46.635     8.4595    32.9481    25.5946 9.7680e-02      1.971    1482.44     28.321     2.6793 271.487017    6.62566     47.084     1.3484  34.723299  0.000e+00
     46.646     8.4595    32.9478    25.5944 9.7680e-02      1.963    1482.44     28.313     2.6785 271.487018    6.62567     47.095     1.3484  34.723053  0.000e+00
     46.674     8.4592    32.9482    25.5947 9.7680e-02      1.934    1482.44     28.311     2.6784 271.487018    6.62570     47.123     1.3484  34.723176  0.000e+00
     46.695     8.4588    32.9483    25.5949 9.7680e-02      1.934    1482.44     28.305     2.6779 271.487019    6.62574     47.145     1.3484  34.722992  0.000e+00
     46.698     8.4588    32.9485    25.5950 9.7680e-02      1.919    1482.44     28.306     2.6779 271.487019    6.62574     47.148     1.3484  34.723176  0.000e+00
     46.731     8.4588    32.9483    25.5949 9.7680e-02      1.912    1482.44     28.303     2.6776 271.487020    6.62574     47.181     1.3484  34.722992  0.000e+00
     46.755     8.4587    32.9484    25.5949 9.7680e-02      1.912    1482.44     28.371     2.6841 271.487020    6.62576     47.205     1.3178  34.722931  0.000e+00
     46.770     8.4588    32.9482    25.5948 8.5470e-02      1.927    1482.44     28.294     2.6768 271.487021    6.62575     47.220     1.3484  34.722931  0.000e+00
     46.802     8.4588    32.9485    25.5950 9.7680e-02      1.934    1482.44     28.354     2.6825 271.487021    6.62574     47.253     1.3484  34.723176  0.000e+00
     46.819     8.4587    32.9487    25.5952 9.7680e-02      1.993    1482.44     28.356     2.6826 271.487022    6.62575     47.269     1.3789  34.723238  0.000e+00
     46.838     8.4584    32.9487    25.5953 9.7680e-02      2.037    1482.44     28.353     2.6824 271.487022    6.62579     47.289     1.3484  34.723054  0.000e+00
     46.867     8.4580    32.9495    25.5959 9.7680e-02      2.037    1482.44     28.347     2.6818 271.487023    6.62581     47.318     1.3484  34.723484  0.000e+00
     46.887     8.4582    32.9490    25.5955 9.7680e-02      2.037    1482.44     28.337     2.6808 271.487023    6.62581     47.338     1.3484  34.723115  0.000e+00
     46.898     8.4581    32.9491    25.5956 9.7680e-02      2.044    1482.44     28.323     2.6795 271.487024    6.62582     47.350     1.3484  34.723177  0.000e+00
     46.927     8.4580    32.9492    25.5957 9.7680e-02      2.015    1482.44     28.315     2.6788 271.487024    6.62583     47.379     1.3178  34.723238  0.000e+00
     46.947     8.4577    32.9493    25.5958 9.7680e-02      1.985    1482.44     28.380     2.6850 271.487024    6.62587     47.399     1.3484  34.723054  0.000e+00
     46.974     8.4579    32.9490    25.5955 9.7680e-02      1.956    1482.44     28.376     2.6846 271.487025    6.62586     47.427     1.3484  34.722931  0.000e+00
     47.007     8.4584    32.9488    25.5953 8.5470e-02      1.949    1482.44     28.368     2.6838 271.487025    6.62579     47.459     1.3484  34.723177  0.000e+00
     47.023     8.4587    32.9488    25.5953 9.7680e-02      1.941    1482.44     28.356     2.6826 271.487026    6.62574     47.476     1.3484  34.723484  0.000e+00
     47.031     8.4585    32.9481    25.5947 8.5470e-02      1.941    1482.44     28.416     2.6883 271.487026    6.62580     47.484     1.3484  34.722625  0.000e+00
     47.070     8.4587    32.9481    25.5947 8.5470e-02      1.934    1482.44     28.341     2.6812 271.487027    6.62578     47.523     1.3484  34.722809  0.000e+00
     47.091     8.4587    32.9477    25.5944 9.7680e-02      1.934    1482.44     28.404     2.6872 271.487027    6.62579     47.545     1.3484  34.722441  0.000e+00
     47.103     8.4584    32.9481    25.5948 9.7680e-02      1.919    1482.44     28.398     2.6866 271.487028    6.62582     47.556     1.3484  34.722563  0.000e+00
     47.130     8.4580    32.9485    25.5951 9.7680e-02      1.919    1482.44     28.388     2.6857 271.487028    6.62586     47.584     1.3484  34.722625  0.000e+00
     47.152     8.4572    32.9492    25.5958 9.7680e-02      1.927    1482.44     28.384     2.6854 271.487029    6.62595     47.605     1.3484  34.722625  0.000e+00
     47.179     8.4566    32.9501    25.5966 9.7680e-02      1.963    1482.44     28.377     2.6848 271.487029    6.62601     47.633     1.3178  34.722871  0.000e+00
     47.200     8.4567    32.9500    25.5965 9.7680e-02      1.978    1482.44     28.367     2.6838 271.487030    6.62599     47.655     1.3178  34.722932  0.000e+00
     47.215     8.4566    32.9506    25.5970 9.7680e-02      1.956    1482.44     28.429     2.6897 271.487030    6.62598     47.669     1.3178  34.723362  0.000e+00
     47.236     8.4566    32.9503    25.5967 8.5470e-02      1.919    1482.44     28.422     2.6890 271.487031    6.62600     47.691     1.3484  34.723117  0.000e+00
     47.264     8.4571    32.9497    25.5962 9.7680e-02      1.890    1482.44     28.422     2.6889 271.487031    6.62595     47.719     1.3484  34.722994  0.000e+00
     47.283     8.4569    32.9498    25.5963 8.5470e-02      1.897    1482.44     28.418     2.6886 271.487032    6.62597     47.738     1.3484  34.722933  0.000e+00
     47.299     8.4567    32.9497    25.5963 8.5470e-02      1.919    1482.44     28.411     2.6879 271.487032    6.62600     47.755     1.3178  34.722749  0.000e+00
     47.332     8.4568    32.9498    25.5963 8.5470e-02      1.919    1482.44     28.400     2.6869 271.487033    6.62598     47.788     1.3178  34.722871  0.000e+00
     47.359     8.4569    32.9500    25.5965 9.7680e-02      1.905    1482.44     28.386     2.6855 271.487033    6.62596     47.815     1.3178  34.723178  0.000e+00
     47.368     8.4569    32.9496    25.5961 8.5470e-02      1.905    1482.44     28.379     2.6849 271.487034    6.62598     47.824     1.3178  34.722749  0.000e+00
     47.407     8.4571    32.9492    25.5958 9.7680e-02      1.912    1482.44     28.369     2.6840 271.487034    6.62597     47.863     1.3484  34.722626  0.000e+00
     47.416     8.4569    32.9499    25.5964 8.5470e-02      1.912    1482.44     28.432     2.6899 271.487035    6.62597     47.873     1.3484  34.723056  0.000e+00
     47.444     8.4571    32.9499    25.5963 9.7680e-02      1.905    1482.44     28.426     2.6893 271.487035    6.62594     47.901     1.3484  34.723240  0.000e+00
     47.463     8.4569    32.9498    25.5963 8.5470e-02      1.934    1482.44     28.417     2.6885 271.487036    6.62597     47.920     1.3484  34.723056  0.000e+00
     47.463     8.4567    32.9499    25.5964 9.7680e-02      1.985    1482.44     28.415     2.6883 271.487036    6.62599     47.920     1.3789  34.722933  0.000e+00
     47.527     8.4569    32.9499    25.5964 9.7680e-02      1.978    1482.45     28.410     2.6878 271.487037    6.62597     47.984     1.3484  34.723179  0.000e+00
     47.548     8.4567    32.9504    25.5968 9.7680e-02      1.963    1482.45     28.401     2.6870 271.487037    6.62597     48.006     1.3484  34.723486  0.000e+00
     47.551     8.4567    32.9500    25.5965 9.7680e-02      1.985    1482.45     28.466     2.6931 271.487038    6.62599     48.009     1.3484  34.723118  0.000e+00
     47.572     8.4564    32.9503    25.5968 9.7680e-02      2.088    1482.44     28.462     2.6928 271.487038    6.62602     48.030     1.3484  34.723179  0.000e+00
     47.600     8.4566    32.9501    25.5966 9.7680e-02      2.161    1482.45     28.465     2.6931 271.487038    6.62601     48.058     1.3484  34.723056  0.000e+00
     47.621     8.4564    32.9501    25.5966 9.7680e-02      2.132    1482.45     28.465     2.6931 271.487039    6.62603     48.079     1.3178  34.722934  0.000e+00
     47.660     8.4562    32.9505    25.5969 9.7680e-02      2.066    1482.45     28.462     2.6928 271.487039    6.62604     48.119     1.3178  34.723180  0.000e+00
     47.684     8.4564    32.9502    25.5967 8.5470e-02      2.037    1482.45     28.456     2.6922 271.487040    6.62602     48.143     1.3178  34.723057  0.000e+00
     47.681     8.4564    32.9500    25.5966 9.7680e-02      2.000    1482.45     28.447     2.6914 271.487040    6.62603     48.140     1.3484  34.722934  0.000e+00
     47.720     8.4562    32.9505    25.5969 8.5470e-02      1.956    1482.45     28.446     2.6913 271.487041    6.62604     48.180     1.3484  34.723180  0.000e+00
