cruise/data/ship_ctd/Driftboyeposisjon_280923_tokt2.cnv
* Sea-Bird SBE 9 Data File:
* FileName = C:\CTD Brukere\UiO Kurs\Geo2320 2023\Driftboyeposisjon_280923_tokt2.hex
* Software Version Seasave V 7.26.7.121
* Temperature SN = 5352
* Conductivity SN = 3840
* Number of Bytes Per Scan = 31
* Number of Voltage Words = 5
* Number of Scans Averaged by the Deck Unit = 1
* NMEA baud rate = 4800
** Ship: R/V Trygve Braarud
** Cruise:
** Station:
** Operator:
# nquan = 15
# nvalues = 3497                                  
# units = specified
# name 0 = depSM: Depth [salt water, m], lat = 59.90
# name 1 = t090C: Temperature [ITS-90, deg C]
# name 2 = sal00: Salinity, Practical [PSU]
# name 3 = sigma-t00: Density [sigma-t, kg/m^3 ]
# name 4 = flSP: Fluorescence, Seapoint
# name 5 = seaTurbMtr: Turbidity, Seapoint [FTU]
# name 6 = svCM: Sound Velocity [Chen-Millero, m/s]
# name 7 = sbeox0PS: Oxygen, SBE 43 [% saturation]
# name 8 = sbeox0Mg/L: Oxygen, SBE 43 [mg/l]
# name 9 = timeJ: Julian Days
# name 10 = oxsatML/L: Oxygen Saturation, Weiss [ml/l]
# name 11 = prDM: Pressure, Digiquartz [db]
# name 12 = wetStar: Fluorescence, WET Labs WETstar [mg/m^3]
# name 13 = c0mS/cm: Conductivity [mS/cm]
# name 14 = flag:  0.000e+00
# span 0 =      0.570,     73.917                 
# span 1 =     8.3432,    15.7707                 
# span 2 =    17.2687,    33.1011                 
# span 3 =    12.2331,    25.7320                 
# span 4 = 8.5470e-02, 1.5824e+01                 
# span 5 =      1.707,     19.011                 
# span 6 =    1482.43,    1495.69                 
# span 7 =     23.938,     86.865                 
# span 8 =     2.2494,     7.7755                 
# span 9 = 271.485926, 271.487612                 
# span 10 =    6.04349,    6.63667                
# span 11 =      0.576,     74.634                
# span 12 =     1.2568,     4.4009                
# span 13 =  22.964851,  34.848643                
# span 14 = 0.0000e+00, 0.0000e+00                
# interval = seconds: 0.0416667
# start_time = Sep 28 2023 11:39:44 [System UTC, first data scan.]
# bad_flag = -9.990e-29
*END*
[from data line 2025]
     41.420     8.6793    32.6781    25.3497 9.7680e-02      1.941    1482.84     24.890     2.3473 271.486902    6.60415     41.818     1.4705  34.658511  0.000e+00
     41.456     8.6725    32.6885    25.3589 9.7680e-02      1.934    1482.83     24.898     2.3482 271.486903    6.60473     41.854     1.4705  34.662438  0.000e+00
     41.467     8.6624    32.7015    25.3707 9.7680e-02      1.941    1482.81     24.903     2.3491 271.486903    6.60570     41.866     1.4705  34.665936  0.000e+00
     41.492     8.6569    32.7080    25.3765 9.7680e-02      1.949    1482.80     24.907     2.3496 271.486904    6.60625     41.890     1.4094  34.667225  0.000e+00
     41.519     8.6531    32.7125    25.3807 9.7680e-02      1.963    1482.79     24.920     2.3509 271.486904    6.60662     41.918     1.4399  34.668208  0.000e+00
     41.539     8.6463    32.7219    25.3890 9.7680e-02      1.985    1482.77     25.007     2.3594 271.486905    6.60723     41.938     1.4399  34.671215  0.000e+00
     41.552     8.6384    32.7326    25.3987 9.7680e-02      1.985    1482.76     25.017     2.3605 271.486905    6.60796     41.951     1.4399  34.674468  0.000e+00
     41.587     8.6296    32.7427    25.4079 9.7680e-02      2.000    1482.74     25.035     2.3626 271.486906    6.60886     41.987     1.4399  34.676248  0.000e+00
     41.612     8.6229    32.7506    25.4151 9.7680e-02      2.051    1482.72     25.041     2.3633 271.486906    6.60953     42.012     1.4399  34.677906  0.000e+00
     41.623     8.6176    32.7567    25.4207 9.7680e-02      2.044    1482.71     25.055     2.3648 271.486907    6.61006     42.023     1.4094  34.679072  0.000e+00
     41.647     8.6131    32.7617    25.4253 9.7680e-02      2.000    1482.70     25.067     2.3662 271.486907    6.61052     42.048     1.4094  34.679871  0.000e+00
     41.672     8.6100    32.7654    25.4286 9.7680e-02      1.978    1482.69     25.078     2.3673 271.486908    6.61083     42.072     1.4094  34.680669  0.000e+00
     41.696     8.6076    32.7685    25.4315 9.7680e-02      1.993    1482.69     25.162     2.3753 271.486908    6.61105     42.097     1.4399  34.681590  0.000e+00
     41.719     8.6057    32.7704    25.4333 9.7680e-02      1.985    1482.68     25.179     2.3770 271.486909    6.61126     42.120     1.4399  34.681651  0.000e+00
     41.743     8.6060    32.7700    25.4328 9.7680e-02      1.971    1482.69     25.194     2.3784 271.486909    6.61123     42.145     1.4094  34.681529  0.000e+00
     41.773     8.6076    32.7682    25.4312 9.7680e-02      1.949    1482.69     25.206     2.3795 271.486910    6.61107     42.174     1.4094  34.681283  0.000e+00
     41.779     8.6078    32.7680    25.4311 9.7680e-02      1.941    1482.69     25.216     2.3804 271.486910    6.61105     42.181     1.4094  34.681283  0.000e+00
     41.803     8.6065    32.7697    25.4326 9.7680e-02      1.949    1482.69     25.225     2.3813 271.486911    6.61118     42.205     1.4094  34.681713  0.000e+00
     41.828     8.6052    32.7710    25.4338 9.7680e-02      1.978    1482.69     25.231     2.3819 271.486911    6.61131     42.230     1.4094  34.681836  0.000e+00
     41.863     8.6048    32.7712    25.4340 9.7680e-02      2.000    1482.68     25.235     2.3823 271.486912    6.61136     42.266     1.4094  34.681652  0.000e+00
     41.876     8.6040    32.7720    25.4347 9.7680e-02      1.985    1482.68     25.312     2.3896 271.486912    6.61144     42.279     1.4094  34.681775  0.000e+00
     41.899     8.6035    32.7723    25.4351 9.7680e-02      1.978    1482.68     25.322     2.3906 271.486913    6.61151     42.302     1.4094  34.681591  0.000e+00
     41.924     8.6032    32.7728    25.4355 9.7680e-02      1.978    1482.68     25.329     2.3912 271.486913    6.61153     42.327     1.4094  34.681836  0.000e+00
     41.948     8.6035    32.7725    25.4352 9.7680e-02      1.985    1482.68     25.333     2.3916 271.486914    6.61150     42.351     1.4094  34.681836  0.000e+00
     41.959     8.6026    32.7736    25.4362 9.7680e-02      1.978    1482.68     25.346     2.3928 271.486914    6.61159     42.363     1.4094  34.682021  0.000e+00
     41.997     8.6022    32.7736    25.4363 9.7680e-02      2.022    1482.68     25.345     2.3928 271.486915    6.61164     42.400     1.4094  34.681775  0.000e+00
     42.019     8.6015    32.7742    25.4369 9.7680e-02      2.051    1482.68     25.429     2.4007 271.486915    6.61172     42.423     1.4094  34.681775  0.000e+00
     42.044     8.6012    32.7749    25.4374 9.7680e-02      2.029    1482.68     25.444     2.4022 271.486916    6.61175     42.448     1.4094  34.682021  0.000e+00
     42.044     8.6006    32.7759    25.4383 9.7680e-02      1.993    1482.68     25.446     2.4024 271.486916    6.61180     42.448     1.4094  34.682451  0.000e+00
     42.079     8.6005    32.7759    25.4383 9.7680e-02      1.963    1482.68     25.456     2.4034 271.486916    6.61180     42.484     1.4094  34.682451  0.000e+00
     42.109     8.6005    32.7759    25.4383 9.7680e-02      1.949    1482.68     25.464     2.4041 271.486917    6.61180     42.513     1.4094  34.682451  0.000e+00
     42.117     8.5999    32.7762    25.4387 9.7680e-02      1.949    1482.68     25.469     2.4046 271.486917    6.61188     42.522     1.4094  34.682267  0.000e+00
     42.152     8.5990    32.7772    25.4395 9.7680e-02      1.956    1482.68     25.471     2.4048 271.486918    6.61197     42.558     1.4094  34.682390  0.000e+00
     42.164     8.5985    32.7782    25.4405 9.7680e-02      1.956    1482.68     25.471     2.4048 271.486918    6.61201     42.569     1.4094  34.682942  0.000e+00
     42.188     8.5977    32.7787    25.4409 9.7680e-02      1.956    1482.67     25.468     2.4046 271.486919    6.61210     42.594     1.4094  34.682697  0.000e+00
     42.213     8.5974    32.7792    25.4414 9.7680e-02      1.949    1482.67     25.462     2.4041 271.486919    6.61212     42.618     1.4094  34.682942  0.000e+00
     42.224     8.5969    32.7796    25.4418 8.5470e-02      1.934    1482.67     25.530     2.4105 271.486920    6.61219     42.630     1.4094  34.682881  0.000e+00
     42.248     8.5968    32.7799    25.4420 9.7680e-02      1.963    1482.67     25.529     2.4104 271.486920    6.61219     42.654     1.4094  34.683065  0.000e+00
     42.273     8.5964    32.7806    25.4426 9.7680e-02      2.029    1482.67     25.525     2.4101 271.486921    6.61222     42.679     1.4094  34.683372  0.000e+00
     42.284     8.5952    32.7822    25.4441 9.7680e-02      2.037    1482.67     25.519     2.4095 271.486921    6.61234     42.691     1.3789  34.683863  0.000e+00
     42.320     8.5940    32.7833    25.4451 9.7680e-02      2.007    1482.67     25.520     2.4096 271.486922    6.61246     42.727     1.4094  34.683864  0.000e+00
     42.333     8.5927    32.7841    25.4459 9.7680e-02      1.978    1482.66     25.518     2.4095 271.486922    6.61262     42.740     1.4094  34.683496  0.000e+00
     42.355     8.5913    32.7853    25.4471 9.7680e-02      1.963    1482.66     25.514     2.4092 271.486923    6.61278     42.763     1.4094  34.683435  0.000e+00
     42.380     8.5900    32.7868    25.4484 9.7680e-02      1.956    1482.66     25.583     2.4157 271.486923    6.61291     42.787     1.4094  34.683680  0.000e+00
     42.404     8.5885    32.7885    25.4500 9.7680e-02      1.941    1482.65     25.584     2.4159 271.486924    6.61307     42.812     1.4399  34.683987  0.000e+00
     42.416     8.5869    32.7902    25.4516 9.7680e-02      1.927    1482.65     25.581     2.4157 271.486924    6.61323     42.823     1.4094  34.684233  0.000e+00
     42.440     8.5869    32.7909    25.4521 9.7680e-02      1.978    1482.65     25.576     2.4152 271.486925    6.61320     42.848     1.4094  34.684908  0.000e+00
     42.464     8.5853    32.7922    25.4534 9.7680e-02      2.044    1482.65     25.578     2.4155 271.486925    6.61339     42.873     1.4399  34.684724  0.000e+00
     42.476     8.5839    32.7939    25.4549 9.7680e-02      2.095    1482.64     25.643     2.4216 271.486926    6.61353     42.884     1.4399  34.685093  0.000e+00
     42.513     8.5832    32.7948    25.4557 9.7680e-02      2.059    1482.64     25.574     2.4151 271.486926    6.61359     42.922     1.4399  34.685338  0.000e+00
     42.524     8.5832    32.7950    25.4559 9.7680e-02      2.000    1482.64     25.643     2.4217 271.486927    6.61358     42.933     1.4094  34.685584  0.000e+00
     42.549     8.5826    32.7956    25.4565 9.7680e-02      1.949    1482.64     25.644     2.4218 271.486927    6.61365     42.958     1.4094  34.685645  0.000e+00
     42.573     8.5821    32.7961    25.4570 9.7680e-02      1.934    1482.64     25.642     2.4216 271.486928    6.61371     42.982     1.4094  34.685645  0.000e+00
     42.596     8.5808    32.7976    25.4583 9.7680e-02      1.941    1482.64     25.637     2.4212 271.486928    6.61384     43.005     1.4094  34.685891  0.000e+00
     42.633     8.5796    32.7988    25.4594 9.7680e-02      1.963    1482.64     25.640     2.4215 271.486929    6.61397     43.043     1.4094  34.685953  0.000e+00
     42.644     8.5779    32.8013    25.4616 9.7680e-02      1.971    1482.63     25.640     2.4216 271.486929    6.61412     43.055     1.4094  34.686874  0.000e+00
     42.656     8.5763    32.8031    25.4633 9.7680e-02      1.978    1482.63     25.638     2.4214 271.486929    6.61428     43.066     1.4094  34.687181  0.000e+00
     42.693     8.5745    32.8055    25.4654 8.5470e-02      2.022    1482.63     25.633     2.4210 271.486930    6.61445     43.104     1.4094  34.687856  0.000e+00
     42.705     8.5719    32.8088    25.4685 9.7680e-02      2.073    1482.62     25.701     2.4275 271.486930    6.61469     43.115     1.4094  34.688838  0.000e+00
     42.729     8.5696    32.8115    25.4709 9.7680e-02      2.051    1482.62     25.701     2.4276 271.486931    6.61492     43.140     1.4094  34.689329  0.000e+00
     42.753     8.5674    32.8144    25.4735 9.7680e-02      1.993    1482.61     25.698     2.4274 271.486931    6.61513     43.164     1.4094  34.690128  0.000e+00
     42.765     8.5655    32.8168    25.4757 9.7680e-02      1.963    1482.61     25.702     2.4278 271.486932    6.61532     43.176     1.4094  34.690742  0.000e+00
     42.789     8.5632    32.8191    25.4778 9.7680e-02      1.941    1482.60     25.704     2.4281 271.486932    6.61556     43.200     1.3789  34.690926  0.000e+00
     42.813     8.5618    32.8207    25.4793 9.7680e-02      1.927    1482.60     25.703     2.4281 271.486933    6.61571     43.225     1.3789  34.691233  0.000e+00
     42.849     8.5603    32.8221    25.4806 9.7680e-02      1.912    1482.60     25.700     2.4279 271.486933    6.61586     43.261     1.3789  34.691295  0.000e+00
     42.860     8.5593    32.8235    25.4819 8.5470e-02      1.897    1482.60     25.694     2.4273 271.486934    6.61595     43.273     1.3789  34.691724  0.000e+00
     42.873     8.5584    32.8246    25.4829 9.7680e-02      1.905    1482.59     25.686     2.4266 271.486934    6.61605     43.286     1.4094  34.691909  0.000e+00
     42.909     8.5578    32.8254    25.4836 9.7680e-02      1.905    1482.59     25.751     2.4327 271.486935    6.61611     43.322     1.4094  34.692154  0.000e+00
     42.921     8.5576    32.8261    25.4842 9.7680e-02      1.905    1482.59     25.747     2.4324 271.486935    6.61611     43.333     1.4094  34.692645  0.000e+00
     42.934     8.5576    32.8261    25.4842 9.7680e-02      1.919    1482.59     25.751     2.4327 271.486936    6.61611     43.346     1.4094  34.692645  0.000e+00
     42.969     8.5566    32.8273    25.4853 8.5470e-02      1.941    1482.59     25.752     2.4329 271.486936    6.61621     43.382     1.4094  34.692953  0.000e+00
     42.981     8.5555    32.8287    25.4865 9.7680e-02      2.000    1482.59     25.751     2.4328 271.486937    6.61630     43.394     1.3789  34.693382  0.000e+00
     43.016     8.5545    32.8303    25.4879 9.7680e-02      2.051    1482.59     25.747     2.4325 271.486937    6.61639     43.430     1.3484  34.693935  0.000e+00
     43.029     8.5535    32.8320    25.4894 8.5470e-02      2.190    1482.59     25.741     2.4319 271.486938    6.61646     43.443     1.3789  34.694794  0.000e+00
     43.054     8.5519    32.8348    25.4918 9.7680e-02      2.293    1482.59     25.808     2.4383 271.486938    6.61659     43.468     1.3484  34.695961  0.000e+00
     43.072     8.5483    32.8401    25.4966 9.7680e-02      2.249    1482.58     25.817     2.4393 271.486939    6.61690     43.486     1.3789  34.697925  0.000e+00
     43.112     8.5447    32.8449    25.5008 9.7680e-02      2.139    1482.57     25.824     2.4401 271.486939    6.61724     43.527     1.3789  34.699215  0.000e+00
     43.112     8.5411    32.8489    25.5045 9.7680e-02      2.044    1482.56     25.828     2.4406 271.486940    6.61761     43.527     1.3789  34.699890  0.000e+00
     43.137     8.5380    32.8531    25.5083 9.7680e-02      2.007    1482.56     25.830     2.4408 271.486940    6.61789     43.551     1.3789  34.701179  0.000e+00
     43.161     8.5349    32.8568    25.5116 9.7680e-02      1.993    1482.55     25.829     2.4409 271.486941    6.61821     43.576     1.3484  34.701855  0.000e+00
     43.185     8.5324    32.8599    25.5144 9.7680e-02      1.985    1482.55     25.901     2.4478 271.486941    6.61845     43.601     1.3789  34.702653  0.000e+00
     43.210     8.5290    32.8645    25.5185 8.5470e-02      1.963    1482.54     25.905     2.4482 271.486942    6.61876     43.625     1.3789  34.704004  0.000e+00
     43.232     8.5258    32.8691    25.5227 9.7680e-02      1.956    1482.53     25.906     2.4484 271.486942    6.61905     43.648     1.3484  34.705600  0.000e+00
     43.257     8.5226    32.8733    25.5264 9.7680e-02      1.956    1482.53     25.903     2.4483 271.486943    6.61936     43.673     1.3484  34.706706  0.000e+00
     43.270     8.5197    32.8767    25.5296 9.7680e-02      1.985    1482.52     25.898     2.4479 271.486943    6.61964     43.686     1.3484  34.707443  0.000e+00
     43.305     8.5174    32.8795    25.5321 9.7680e-02      1.993    1482.52     25.901     2.4482 271.486943    6.61987     43.722     1.3484  34.708057  0.000e+00
     43.317     8.5157    32.8815    25.5339 9.7680e-02      1.985    1482.51     25.976     2.4554 271.486944    6.62004     43.733     1.3484  34.708425  0.000e+00
     43.341     8.5132    32.8843    25.5365 9.7680e-02      1.985    1482.51     25.983     2.4562 271.486944    6.62029     43.758     1.3789  34.708978  0.000e+00
     43.365     8.5108    32.8872    25.5391 9.7680e-02      1.993    1482.50     25.987     2.4567 271.486945    6.62053     43.783     1.3789  34.709592  0.000e+00
     43.377     8.5094    32.8895    25.5411 9.7680e-02      1.993    1482.50     25.988     2.4568 271.486945    6.62065     43.794     1.3789  34.710452  0.000e+00
     43.419     8.5076    32.8914    25.5429 9.7680e-02      2.007    1482.49     26.062     2.4639 271.486946    6.62084     43.837     1.3789  34.710698  0.000e+00
     43.426     8.5058    32.8932    25.5446 8.5470e-02      2.029    1482.49     26.067     2.4644 271.486946    6.62102     43.843     1.3789  34.710943  0.000e+00
     43.450     8.5042    32.8956    25.5467 9.7680e-02      2.015    1482.49     26.079     2.4656 271.486947    6.62116     43.868     1.3789  34.711742  0.000e+00
     43.473     8.5030    32.8967    25.5477 9.7680e-02      1.978    1482.49     26.089     2.4665 271.486947    6.62129     43.891     1.3484  34.711742  0.000e+00
     43.486     8.5023    32.8975    25.5485 9.7680e-02      1.949    1482.48     26.095     2.4671 271.486948    6.62137     43.904     1.3484  34.711865  0.000e+00
